2 1
0 3
0 5
1 4
3 6
2 7
4 8 9
5 11
6 10
6 21
8 12 13
7 37
14 10 16
17 10
12 18 15
23 19 14
12 20 18
24 13
23 16 14
22 30 15
16 25 31
9 27
29 36 19
18 15 26
28 40 17
20 32 38
31 30 23
21 33
43 24 35
41 34 22
19 36 26
38 26 20
25 44
27 66
39 29 35
28 47 34
22 41 30
11 50
31 44 25
48 34 46
42 43 24
29 46 36
40 45
52 40 28
32 38
42
39 51 41
49 35
49 39
48 51 47
59 54 37
52 53 49 46
51 43
55 51
56 50
57 53
58 54
60 55
62 56
63 61 50
57
64 59
65 58
59
67 61
69 68 62
78 82 74 33
64 77
72 65 83
65 70
71 69
73 70
76 68
75 71
66 80 92 96
79 73
81 72
85 67
828 66
86 75 87
74 89
84 76
66 713
98 88 68
93 81
102 91 2567 77
95 79
103 5985 79
90 94 83
80 110
100 88
85 99
74 104
101 84 113
107 88 97
86
105 74
94 106
114 83
5979 5984 91
90
5430 93 116
109 85
111 5988 87
92 2685
108 2549 96
97 5992
117 94 113
2641 112 105
2565 102
2501 89
103
115 108
107 5962 93
98
2648 112
101 5448
5983 107
121 119
118 120 122
124 119
123 118
119 127
125 121
138 120
126 123
128 129 125 130
122 201
126 134
184 126
132 131 126 133
146 130
130 135
140 130
139 128 136
132 142
137 134 143
136 141
590 124
159 134 144
145 147 133
153 137
135 151 157
136 149
139 156
148 140
160 131
158 140
150 145 152
143 154
148 155
161 142
148 155
163 141
149 170
152 150
144
169 142
178 166 147
139 164 162
165 146
172 151 168
159 194 190
175 153
167 159 177
171 160 179
158 176
173 164
170 161 175
174 157
154 168
189 197 165
183 2307 182 161
180 167
195 179 169
168 163
166 181
164
196 158 4941
174 165
185 173
176 189
188 172 187
186 172 200
236 129
191 180 203
202 183 209
182 192
182 192
181 171
193 208 162
199 205 185
187 188
215 190
162 227 3505
174
198 178
207 204 171
218 196
191 211 216
183 210
127 480
220 186
228 185
197 206 219
214 191
3755 204
212 197
230 190
223 217 186 3843
200 213
199 226
224 207
222 210 232
3518 205
193 3510
221 225 199
209 3849
5804 198
5837 204 229
3924 202
216 231
213 3692 3688
209 235
233 212
231 216
211 3513
3452 194
3841 3924 203
219 3711
3500 208
221 225
3688 213
234 224
4939 233 5795
223 3692 3861
237 184
238 236
239 237 242 240
270 238
238 241 244 243
245 240
253 238 256 254
248 240 247
240 249 252
250 246 241
245 283
243 258 251
243 261
258 244 274
245 255 260
247 267
244
292 242
257 242 280
277 262 250
265 3816 242
298 254 259
247 294 249 263
257 278
266 250
248 269
272 264 255
267 258 276
268 262
256
260
251 263
271 264 279
261 273 276
239 591 309
275 268
279 262
281 269 289
249
282 286 271
263 269 285
255 284 300
288 259 296
268 272
254
273 290
275 287 307
293 246
277 297 295
291 345 276
287 275
282 286
278 308
273 302
281 337 326 5897
305 285
306 253
299 283
304 258
312 284
320 278 311
284 303
310 257
293 319 301 329
277 327 312
341 299
318 5896 289
297 315
313 294
316 291
334 292 335 328
314 282
317 288 332
270 592
298
296 325
300 295
4284 663 304
323 307
303 331
324 305
308 352
321 302 322
299 323
343 296
318 322
318 321
347 319 314
316 330 340 333
311 338
339 290 346
336 300
3889 306 3879
3702 299
342 324 350
315 3721 2142
4336 308
349 324
3860 306
4233 306
347 327
351 290
325 4344
2072 326
350 344 324
348 301
353 330
4231 320 4344
340
685 285 5896
2085 326
323 3720 336
3863 3829 341
5890 333
330 340
2096 2145 337
4269 317 4246
685 342
355
354 356 375 358
355 357
356 379
366 355 359 362
360 361 358
364 359
380 359
363 358 370
368 362 365
372 384 360
363 367
358 393
369 365 371
383 378 363
373 367 374
386 362
376 374 367
364 400 399 377
387 369 381
383 369 371
355
371
372 415
368 407
448 357
389 361 385
373 382
391 381 396
368 392 374
364 412 388
380 415 394
390 403 370
392 373 391
406 408 384
380
404 386 395
387 398 382 410
387 398 383
366 1066
385
390 422
412 382 397
401 396
391 418 392
372 409
372 402
397 405 413
400 411
386
431 449 390
401 416
443 409 388
430 378 2781
388 435 420
399 450 406
391 417
402 414
419 396 384
421 401
411 3279
377 385 423
405 429
410 464
398 2781 428
424 412
456 440 408
425 413
465 395 2918
415 427
433 426 419
452 451 421
424 442
423 437
418 432 439
416 3102
407
436 404 434
441 446 428
424
431 438
3087 408 454
431 438
427 444
434 436
447 428
420
457 455 432
453 445 426
406
2826 437
442 470
463 432 460
458 439
469 379 4175 3241
404 2848 2907 2918
409
466 425
2924 461 425
442
435 459
462 441
459 420
441
460 447
454 456 3075
446 458
3330 452
467 471 455
3052 446
417 468 3329
2884 422
3129 451 3175
462
464 3330 3179
448 590
2923 445
462 2792
475 473
472 474
473 476
472 477
474 478
480 475
476 479
478 491 481 482
201 477
479 488
484 479 483
482 485
489 482
483 486
485 487
486 490
481 497 494
492 484
487 493
479 535
496 489 515
490 495
488 501
493 498
492 502
488 512 499
495 519
497 500
499 503
507 506 516 494
496 520 523
500 504
503 505
504 509
537 501
508 510 501
507 511
505 513
507 517
508 521
516 528 497 536
509 514
513 531 545
518 492
501 512
510 525
539 515 527
530 498 522
530 502
511 524
519 526
532 502
566 521
517 529
522 564
518
533 512
525 542
520 555 519 538
514 536 549
540 523
547 528 534
533 558 559
491 591
582 512 531 556
543 506
557 541 530
575 518
560 532
538 554 567
529 544
546 537
542 552
514 548 551
553 543
4120 533
545 550 551
565 531
548
545 548
544 4112
577 546
3947 541
530 581
580 536 569
538
561 534
562 534
563 540
558 571 568
559
572 570 560
526 583 5782
549
589 524 3990 4332
578 541
574 561
573 556 576
587 563 5773
2221 4126 561
3663 563
569 576
579 568
4002 5761 5732 539
569 573
3988 553 588
584 567
574
585 556
555 3907 3914
4116 536 3994
564 3991
586 578
4141 580
3955 584
570
577
4113 566
469 138
535 270
309 593
592 631 594 595
596 610 593
597 593
598 594 599
621 601 604 595
600 596
596 603 602
598
606 597
599 605
609 599
608 597 613
607 602
623 601
605 614 616
604 612
603
594 611 619
663 618 610
608 615
604
607 620
612 617
607 626 635
615 622
625 611
643 610
652 635 614
627 630 597
617 628
632 624 606
623 640 641
634 626 639 618
625 616
629 621 667
622
627 636 637
644 621
593 710
633 623 638
632 642
625 646
662 656 620 616
629 645
629 669
632 642
625 648
649 650 624
647 624
638 633
619 655
659 649 630
636 698 653
634 651
641
656 639
644 640
673 672 640
646 654
668 620 657 662
661 645 5899
651 658
681 643 676
635 660 648
704 652 705 690
654 670
644 664
666 656
678 674 653
682 652 677 635
313 687 611
659 665
664
682 671 660
627 701
691 652 675
637 686
658 680
679 666
4295 5905 650
683 706 650
661 703 5915
668 693
4286 655 702
689 705 662
692 686 661
5896 671
670 685 688
4289 4284 655
666 684 662
696 673
682 2135 5897
345 680 353
669 678 700 697
688 663
680 687
695 677 695
1401 657
1395 1407 668 5856
678 694
675 5852
692 699
689 689
707 683
686 5860
1067 5899 645
694
708 686
1067 1115 667
676
5858 1094 1132 674
1379 1392 657
2114 657 677
673 5912
5879 696
700 709
708
631 711
710 713 712
711 714
82 711
712 731 720 715
714 719 716
715 717
718 716
721 717 746
715 728
724 714 726
718 737 722
721 723
734 722 725
720 738 727
723 730
720 733
736 724
719 729
735 728 732
725 739
714 803
729 753
726 765
723 743 747
729 741
755 740 790 727
752 721 743 751
724
730 777
742 736
744 735
745 740
758 734 737
741 749 789
748 742
718 779
759 734 763
750 745
756 744 754
760 748
762 737
737 770 758
732 757
749 772 764 761
769 805 736
795 820 749
766 780 753
752 768 743
775 771 747
773 750
770 754
764 751
747 767 806
754 762
733 788 774
757 789 783
776 763 797
758 775 784
804 788 755
752 798 793 761
776 759
802 754 778
782 760
765 813
785 759 768
786 767 771
739 781 787
772 791
746 809
757
777 796
2683 2684 792 773
766 794
801 785 793 768
807 775 784
812 776
777 5215
765 769 1415
766 744 825
736 810
778 798
782 809
784 770
783 800
1716 756
781 799
812 767 815
811 791 770
796 808 814
794 821
784 4956 807
4974 827 772
731 831
2636 769
755 2639
763 817
801 826 785
799 819
779 5203 792
2619 2702 2524 790
798 4974
822 797 786
774 2631
818 799 816
797 824
814 823
806 5156
814 823
808 5181
756 827 1709
800 2633
812 5699
816 818
815 904 5718
789 1711 1713
807 4953
820 4973 1717 802
78
831 830
829 833
803 829 832 837 836
834 831
830 841 839 947
835 832
834 869 843
831 846 840
838 845 831
842 837
833 853 847
844 836 851
833 890 857
852 838
835 860
856 859 840
894 866 837
836 848
839 855
846 849
848 850
849
874 870 840
862 842
854 839
858 941 853
847 879 865
844 872
878 892 841
863 854 867
861 844
843 893
864 859
868 852
871 858
861
876 855
893 880 845
858 879
886 862
877 835 911
851 873
863 884 882
903 889 856 887
870
875 851
883 874
881 865
919 869
857
867 885 855
866 897
888 876
900 871
887 875
898 871 923
938 923 879
926 868 904 899
872 883
881 891
895 5660 872
917 902 841
896 888
857
866 901 860
845 920 918
909 889 915
891
880 912 906
913 884
886 932
907 937 882
905 893 908
935 925 890
910 872
824 886
927 901
912 936 897
1556 900
901 934
5622 895
916 903
944 5527 869
914 897 906
924 898
5115 912
895 5659 940
910 922
4945 890 4952
928 894 5201
5668 921 877 930
931 894 929
919 5682
939 916
884 885
913 5672 1549
902 4952 4977
886 5619
5665 905
945 918 5642
920 5675
5600 919
933 920
899 946
931 943
908 5615
4978 5637 902 5639
5700 906
900
942 885
5662 5694 922
915 5639 4978
4717 5636 854
5498 5519 938
933
5640 5688 911
5556 928
932 5707 5717
833 948
947 949
948 953 951 950
952 949
949 959 977
956 950 957
949 1065 963 954
953 955
954 958 970
960 952
969 967 952
962 955 968
965 961 951
966 956
962 959
961 958
964 953
978 963 967
959 976 985
973 960
964 971 957
958
957 975
955
972 967 993
971 986
974 966 988 997
973 1006
979 969
980 965
982 1003 951 995
964 984 993
975 981 990
983 976
987 979 990
1044 977
989 980
978 1051
1009 965 1008
972 991 1019
996 981
998 973 1018
994 983
979 981 992 1012
996 986
990 1002
978 1010 971
1021 989
977 999 1000
1005 991 987
973 1007
988 1002 1001
995 1040
995 1004
998 1033 1015
992 998
1009 977 1034
1000 1037
996 1014 1023
974 1018 1013
1011 997
1032 985
985 1003 1020
1017 993
1029 1016 1007
990
1022 1006 1038
1024 1005
1001 1025
1011 1026
1010
988 1033 1006
986
1054 1009 1028
994
1027 1013
1005 1042
3310 1014 1025
1024 1045 1015
1030 1016
1036 1022 1052 1046
1053 1020
1031 1011
1026 1043
1035 1029
1056 1008
1018 1046 1001
1003
1039 1031
1050 1027
1004 1063
1048 1013
1041 1035
1047 999
1043 1039
1023
1030 1041
1876 982
3312 1025 1064
1033 1049 1027
1040
1061 1038
1046 1055
1036 2457 3449 2964
984 1060 3332
3313 1027 1061
4675 1028
4681 1020 4676
1057 1059 1049
1032
1062 1058 1055
1057 3449
1055 3450
3186 1051 3309
1052 1048 2468
2976 1057
1037 4712
1045 3324 3451
1066 953
393 1065
1070 701 698 1068
1067 1069 1075
1068 1073 1072
1067 1071
1070 1074 1073
1069 1078
1069 1077 1071
1071 1080 1076
1078 1068 1079
1081 1074 1089
1073 1084 1082
1072 1095 1075
1115 1075 1100 1085
1092 1074 1086
1096 1076 1087
1083 1077
1088 1082
1077 1095 1090
1079 1097
1091 1080
1094 1081
1090 1083
1076
1084 1088
1086 1093
1103 1080 1099
1091
1098 1087 703
1078 1084 1103
1101 1081 1105
1108 1085
1094 1109 1106
1092 1104
1102 1111 1079
1096
1126 1113 1100
1092 1107 1125 1095
1099 1112
1096 1110
1098
1140 1103
1116 1097
1114 1098 1132
1105
1118 1131 1100
1128 1104 1151
1102 1119 1121
1123 1109 1129
1143 1079 701
1117 1108
1133 1124 1116
1111 1120 1127
1113 1122
1118 1143 1146
1113 1138
1119 1130
1114
1117 5993
1152 1167 1103
1155 1102 1148
1118 1136
1144 1134 1112
1158 1114 1147
1122 1149 1160
1135 1111
1170 703 1109
1139 1117
1128 1152
1131 1137
1127
1135
1121 1142
1141 1133
1107
1139 1145 1149
1155 1138 1160
1120 1161 1115
1128 1182 1172
1154 1157 1141
1120
1150 1129
1174 1126 1153
1157 1130 1141
1172 1147 1442
1112 1172
1125 1156 1134
1148 1159
1164 1163 1145
6081 1126 1142
1152 1173 1166
1164 1149 1145
1129 1170 1178
1153 1162
1142 1130
1143
1159 1168
1154 1171 1169
1157 1165 1154
1164 1171
1175 1156
1125
1162 5909
1163 1177 1176
1158 1430 1521 1132
1165 1177 1163
1151 1144 1150
1179 1156
4327 5867 1148
5885 1180 1166
1183 1169 1181
1171 1181 1169
1158
1184 5901 1173
5883 1175
5877 1177 1176
1533 1449 1144
5874 1176 5878
5865 1179
1187 1186 1188 1197
1185 1190 1203
1185 1191
1185 1189 1200
1194 1192 1188
1193 1186
1216 1209 1187 1204
1189 1207
1201 1195 1190
1199 1189
1193 1196
1202 1195 1198
1185 1209 1203 1217
1196 1206
1205 1194
1188 1216 1205
1215 1193 1218
1208 1196
1218 1197 1186
1224 1191 1222
1199 1200 1212
1215 1211 1198
1213 1192
1210 1202
1191 1197 1222
1214 1208
1206
1213 1205
1212 1220 1207
1221 1210
1206 1219 1201
1191 1262 1229 1200
1230 1197 1249 1245
1201 1203 1232
1215 1240
1223 1213 1285
1225 1214
1209 1291 1204 1245
1220 1226
1204 1234 1227
1228 1239 1221
1223 1233
1224 1231
1225 1233 1241
1216 1234 1236
1242 1217 1235
1227 1251
1238 1237 1218
1228 1226
1224 1229 1264
1230 1301 1252
1296 1229
1249 1232 1244
1232 1240
1247 1246 1225
1238 1254 1219
1228 1248
1243 1230
1250 1242
1237
1267 1217 1222
1239 1253
1256 1239
1241 1268
1237 1255 1217
1255 1243
1231 1269
1235 1282 1259
1257 1260 1246
1240 1261
1249 1250
1260 1263 1258 1247
1265 1271 1253
1275 1256
1252 1273
1253 1256
1266 1254
1276 1290 1216
1256 1270
1234 1286
1274 1257
1261 1275 1272
1297 1280 1245 1314
1277 1248
1251 1299
1284 1263 1279 1287
1257 4963
1266 1294 1288 1601
1259 1283
1284 1265 1293 1298
1278 1266 1258
1262 1285
4969 1281 1268
1287 1275
1298 1270
1300 1267
2108 1277 5893
1252 1300
1289 1273
1270 1274
1292 1220 1276
1399 1401 1264
1557 1270 1278
1272 1295
5884 1283 1302
1296 2078 5889 1262
1381 1370 1222
2073 1285 5893
4963 1274
1557 1272 1605
1688 1288
1290 1236 5886
1305 1267 5884
1279 1274 1558
1269 1383
1282 1280
1348 1235 1700
1289 1316
1309 1305 1307 1304
1303 1310
1303 1297 1306
1308 1305
1303 1309 1311 1312
1311 1306
1303 1315 1307
1314 1304
1316 1307 1308
1317 1319 1313 1307
1318 1312
1267 1310
1309 1322 1321
1302 1311
1312 1324
1313 1320
1312 1323
1325 1318
1327 1315
1331 1326 1315
1319 1328
1317 1329 1330
1334 1320
1349 1322 1332
1333 1321
1323 1348 1344
1330 1335 1324
1337 1329 1324 1336
1338 1322
1326 1342
1354 1327 1340
1341 1325
1329 1347
1330 1350 1339
1330
1345 1331
1343 1336 1350
1333 1345
1346 1334
1332 1360
1356 1339
1328 1365 1355
1340 1338
1359 1341
1335 1355
1328 1301
1326 1368 1351
1336 1339 1352
1379 1349 1353
1350
1351 1364 1357
1358 1333 1370 1366
1363 1344 1376 1347
1362 1343
1353 1361
1354 1371
1380 1346
1342 1364
1357 1389
1369 1356
1355 1367
1353 1382 1360
1344
1401 1375 1354 1381
1363 1373
1371 1349 1374
1372 1362
1291 1354
1358 1368
1387 1369 1378
1367
1392 1368
1366 1377
1355
1375 1386
1390 1372
704 1351 1395
1385 1359
1383 1291 1366
1364 1384
1399 1299 1381
1382 1396 1388
1388 1380
1377 1392
1372 1393
1402 1384 1385
1361 1391
1378
1389 1394
1386 704 1406 1374
1398 1403 1387 1400
1391 1407 1409 1397
1379 691
1384
1394 1413
1404 1393
1383 1286
1393 1405
690 1286 1366
1408 1388
1405 1393 1415
1417 1398
1403 1400 1500
1411 1392
691 1394 1416
1410 1402 1412
1394 1414
1420 1408
1406
5891 1408
1397
1409 1418
1403 788 1419 5892
5851 1407
1491 1404
1414 5891
1415 2696
1487 1410
1425 1423 1422 1426
1421 1424
1421 1424
1423 1427 1422
1421
1421 1428
1424
1426 1429 1430
1428 1431 1432
1170 1428 1433
1443 1436 1429
1437 1446 1429
1434 1430
1435 1433
1434
1441 1431 1448
1438 1432 1442
1439 1440 1437
1438
1438
1436 1444
1437 1150 1449 1459
1446 1431 1448
1445 1460 1441
1444 1447
1432 1443 1450
1445 1454 1458
1443 1436 1451
1182 1452 1442
1446 1459
1455 1448 1457
1449 1453
1452 1456
1447
1460 1451
1453
1464 1451
1461 1447 1468 1491
1465 1450 1442
1462 1444 1455
1471 1458
1463 1460 1490
1466 1462
1477 1457
1459 1467 1507
1469 1463
1465 1476
1458 1470 1479
1472 1466
1473 1478 1468
1461 1480 1475
1474 1469
1470 1482
1472
1471
1467 1486
1464
1481 1470
1468 1483
1489 1471 1487
1478
1473 1484
1479
1482 1485
1484 1488
1476 1492
1480 1420 1493
1485
1506 1480
1496 1462 1494
1417 1458
1505 1512 1498 1486
1509 1487
1490 1495
1494
1510 1500 1490 1497
1496 1499
1492 1502 1501 1503
1497 1520
1405 1496
1498 1504
1498 1508
1511 1498
1501 1518
1492
1529 1489 1521 1528
1526 1517 1465
1515 1502
1514 1493
2694 1496
1538 1503 1513
1519 1492
1511 1525
1516 1509
1532 1508
1534 1514
1523 1507
1504 1524
1512
1522 1499
1506 1170 5861
1530 2704 1520
1527 2660 1517
1518 1533
5894 1536 5895 1513
2665 2661 1507 2651
1523 2653
1506
1531 1506
1537 1535 1522
1529
1515
1182 1524 5913
5860 5908 1516
1530 2697
5883 1525 5900
2699 1530
1511
1544 1542 1540 1545
1539 1541
1547 1540
1539 1543 1551
1542
1539 1546
1539 1548
1544 1549
1541
1545
1546 924 1550
1549 1552
1542 1554
1550 1553
1552 1555
1551
1553 1556
1555 907
1562 1287 1294 1558
1557 1559 1563 1298
1558 1560 1561
1559 1564
1559 1570
1557 1565
1558 1568
1560 1567
1566 1562 1569
1574 1591 1565
1564 1571
1563 1575
1572 1589 1565 1571
1561 1576 1582 1579
1587 1579 1577 1569 1567
1573 1569 1586
1572 1577 1578
1566
1568 1585
1583 1570
1571 1588 1573
1573 1595 1580
1570 1571
1578 1588 1581
1584 1580
1612 1594 1599 1570 1610
1590 1576
1592 1581 1597
1575 1590
1572 1596 1593
1588 1617 1571 1599
1587 1655 1577 1580
1596 1569 1614
1594 1583 1585 1628
1566 1605 1601 1603
1584 1598
1586 1600 1595
1590 1582
1578 1593
1602 1600 1586 1589
1607 1584 1606
1608 1592
1582 1587
1596 1609 1607 1593
1591 1631 1272 1604
1616 1609 1596
1591 1615
1601 1611
1294 1591
1597 1613
1624 1619 1597 1600
1620 1598
1622 1602 1600
1612 1582 1642
1604 1618
1629 1610 1582 1638
1606 1621
1627 1589
1603 1631
1625 1602 1622
1640 1587
1611 1643
1632 1607 1646
1634 1623 1608
1613 1626 1630
1609 1632 1616
1655 1651 1620
1630 1607
1616 1627
1634 1621 1637 1635
1625 1636 1614
1590 1629
1633 1612 1649 1628
1624 1621 1639
1650 1615 1601 1706
1619 1660 1622
1629 4883
1620 1626
1626 1641 1661
1627 1647 1648
1644 1626
1612 1663 1658 4893
1630 1646
1653 1617
1635 1645
1610 1657
1676 1689 1618
1669 1637 1662
1652 1641 1667
1639 1656 1619
1660 1636
1666 1636 1670
1674 1629
1631 1689
1672 1654 1623
1645 1772
1640 1657
1665 1651
1659 1623 1588
1646 1671
2500 2495 1653 4898 1642
4898 1638
1664 1655
1632 1668 1647
1672 1635
1644 4942
1638 4979 4888
1659 4960 2496
2487 2475 1654
1673 1648 4975
1645 1751
4959 4975 1660
1644 1743 4943
1707 1648 1706
4959 1656 4944
1791 1651 1661
1666 1768
4886 1649 4888
1679 1678 1676 1677
1675 1643 1680
1675 1685 1683 1691
1675 1681 1684 1682
1675 1690 1683 1686
1688 1676
1694 1678
1678 1685
1679 1692 1698 1677
1689 1687 1678
1695 1682 1699 1677
1679 1692
1694 1684
1295 1680 1690
1643 1684 1693 1650
1679 1688
1698 1703 1677 1699
1700 1686 1683 1705
1689 1702
1681 1696 1687
1685 1704 1716
1697 1694 1701
1702 1696
1705 1691 1683 1708
1711 1685 1691
1692 1301
1696 1704
1693 1697 1706
1711 1691 1713
1695 1701 1709
1692 1698 1712 1714
1702 1707 1631 1670
1715 1710 1706 1670
1698
820 1704 1715
1707 1718 1717
825 1716 1699 1703
1705
825 1719 1703
1705 1719
1717 1709 1707
1695 795 1711
1715 1734 1710 827
1710 1725 1724
1720 1714 1713
1721 1719
1722 1720
1723 1721
1722
1727 1718 1726
1728 1718 1726
1731 1725 1724
1730 1729 1724
1733 1736 1725
1735 1727 1734
1738 1727 1731
1730 1732 1726
1731 1739 1733 1754
1732 1756 1728
1741 1742 1729 1717
1737 1740 1729
1762 1728 1744 1743
1735 1741 1753
1740 1739 1730
1738 1732 1758
1738 1735 1767
1734 1749 1737 1745
1749 1734 1748
1736 1669
1746 1736 1747
1755 1741
1759 1744
1750 1751 1744
1742 1765
1741 1766 1742
1752 1747
1757 1667 1747
1760 1750
1737 1773
1732 1756 1779
4977 1745
1754 1770 1733
1760 1751
1739 1786 1761
1763 1746 1764 1776
1757 1772 1752
1758 1767 1774
1768 1736
1764 2436 1759
1763 1777 1759 1769
1783 1780 1787 1748
1749 1787
1740 1761 1771
1673 1762
1764 1775
1756 1776
1773 1767
1652 1784 1760
1753 1771 1778
1782 1761
1769 1785
1759 1770
2455 1764 1785
1781 1773
1754 1786
4973 1765
4950 1778 1790
1788 1774
4956 1765
1791 1789 1772
1789 1775 1777
1758 1779
1766 4954 1765
1792 1782
2473 1784 1785
1781 4976
1784 1672 2475
4951 1788
1797 1795 1794 1801
1793 1796 1798
1793 1798
1794 1800
1793 1799
1794 1802 1795
1800 1803 1797
1796 1799
1793 1804
1798 1805 1809
1806 1822 1799
1801 1807 1810
1815 1808 1802
1810 1803
1813 1804 1811
1816 1805 1840
1814 1825 1832 1802
1806 1804 1812
1819 1807
1813 1810 1826
1823 1812 1807
1836 1817 1809
1805
1818 1833 1808
1814 1821
1869 1828 1816
1830 1811 1820
1819 1827
1817 1824
1831 1803
1813 1834 1838
1821
1836 1837 1809
1829 1812 1844
1846 1820 1841
1818 1839 1842
1826
1843 1819
1822 1836 1835
1833 1858 1809
1816 1842 1832
1862 1850 1823
1870 1831 1854
1814 1886 1825 1831
1849 1825 1871
1844 1823 1845
1889 1828 1851
1847 1856 1808
1827 1850
1828 1833
1864 1830
1826 1838
1848 1838
1827 1852 1857 1855
1840 1859 1864
1853 1845
1867 1860 1837
1834 1875 1841
1858 1839
1846 1861
1848
1863 1883 1835
1846 1875
1869 1884 1840
1873 1846 1901
1865 1832 1851
1847
1866 1849
1852 1868
1880 1834
1887 1854 1874
1847 1872 1843
1888 1881 1858
1885 1860
1908 1886 1849 1891
1861 1878
1895 1856 1818
1835 1876
1882 1837
1897 1864 1893
1899 1857
1863 1877
1855 4859 1850
1870 1044 1886 1896
1874 1879
1868 1894
1877 1890
1862
1865 1905 1903
1903 1871
1854 1892
1856
1866
1867 1876 1836
1863 1898 4840
1900 1865
3425 4635 1839
1879 1898
1867 4699 4681
4853 1883
1904 1872
1906 1878 1902
4700 1869 1973
1876 4840 4833
1940 1943 1872
1890 1887
1941 1873
1888
1909 1857
1894 4859
1881 4852 1882
1945 4631 1893
1907 1881
4690 1894
1910 1905
1867 3438 4697
1942 1901
1907
1914 1913 1912 1918
1911 1920 1928
1911 1942 1917
1911 1915
1914 1922 1916
1915 1919
1913
1911 1921
1916 1923
1912 1929
1924 1926 1918
1925 1915 1930
1919 1933
1921 1927 1940
1937 1922
1934 1921 1935
1924 1931 1932
1912
1920 1936
1934 1922 1938
1927
1941 1927 1949
1923 1939
1926 1953 1930 1944
1926 1943
1929 1948
1925
1946 1930
1933
1924 1897
1945 1899 1932
1950 1913 1909
1897 1947 1935
1934 1947 1952
1951 1904 1941
1938
1944 1943
1936 1956
1932
1954 1942
1945
1944
1975 1961 1934 1955
1958 1950
1959 1953
1948 1957 1967
1956 1960
1981 1954
1962 1955
1957 1977 1964
1953 1970
1965 1959 1963
1966 1962
1971 1960
1969 1962
1968 1963
1974 1956
1983 1966
1972 1965
1961 1973 1988
1964 1993 1978
1976 1969 1979
1895 1997 1970
1994 1967 1980 2008
4575 1953
1991 1972 1985
1998 1982 1960
1984 1995 1971 2005
1972 1990
4614 1974
2004 2009 1958
1977 2001
1986 1968
1978 1987
1999 2003 1976
1983 1989
1984 2017 2000
2007 1970 1996
1986 1992
1979 2003
2006 1976 2010
1989
2014 1971 2028
4831 1974
2012 1978 2014
2002 1988
1973 4832
1977 4624
2026 1985 2011
2012 1987 4658 2015
1982 4494
2019 1996 2022
1990 4563 1985
4859 1981
1978 2017
1991 2013 2021
2023 1988 2024 2020
2018 4589 1974
2025 1981 4665
1991
1999 2016
2000 1995
2006
1995 1993 4654
4841 4845 2000
4563 2027 2011
2005 1987
4578 2008 4580
4830 2002
2007
2006
4650 2002
4638 2007 4636
2007
4505 2009
1999 4705
2016 4851 3439
4477 4657 1993
2033 2032 2031 2030
2029 2036
2029 2035
2029 2038
2029 2039 2034
2033 2037
2041 2040 2031
2046 2030 2042
2034 2051
2044 2032
2055 2047 2033
2035 2043
2052 2035 2049
2036 2045
2040 2055 2062
2050 2052 2054 2038
2042 2051 2048
2054 2036
2039 2099 2057
2070 2045 2053
2066 2041 2083
2060 2044
2085 2045 2037 2064
2044 2058 2041
2048 2056
2046 2044 2061
2039 2043 2073 2065
2053 2059
2064 2047 2087
2052 2063
2056 2067
2077 2050
2054 2090
2043 2076 2073
2074 2058
2069 2057 2051
2055 2068 2071
2049 2081 2080
2059 2075
2078 2065
2072 2064
2084 2048
2065 2082
339 2069 2089
2055 1292 2062
2063 2088 2083
2067 2092 2079 2094
2062 2104
2112 2060
2095 1290 2068
3742 2075
2066 2086 2100
2066 2100 2091
2071 2095
2127 2093 2074 2049
2103 2070
2096 2051 346
2098 2080
2057 2097
2129 2074
2097 2072
2061 2120
2134 2081 2119
2103 2105 2075
2106 2083
2117 2096 2075
2078 2102 2082
351 2085 2094
2087 2089 2116
2086
2047 2107 2101
2108 2081 2139 2080
2114 2099 2116
2095 2107
2092 2110 2084
2076 2108
2111 2092 2109
2093 2119 2118
2102 2099
2104 1281 2100
2105 2115
2103 2123 2113
2105 2115
2121 2077
2110 2120
5888 705 2101
2109 2111
2101 2122 2097
2131 2094 2125
2106 2133
2091 2106 5831
2090 2113 2126
2112 2126 2128
2116 2124
2110
2122 2135
2117 2130
2120 2140 2121
2132 2083
2121 2137
2137 2088
2142 2125
2117 2141 2143
2144 2136 2127
2118 2138
5825 5830 2091
2124 684
2132 4339
2128 2144 2129
4341 2133 5831
5824 4965 2100
2126 3730 2146
4345 2131
331 2130 2145
2131 3748 3716
2132 2137
351 2142
3770 2140 3735
2149 2155 2148 2151
2150 2147 2149
2147 2157 2148
2148 2152
2147 2153
2150 2154 2158
2156 2151
2159 2152
2147 2160
2167 2169 2153
2149 2166 2161
2172 2173 2152
2162 2154 2179
2163 2155
2164 2157 2170
2159 2182 2165
2181 2180 2160 2190
2161 2168
2189 2162
2157 2196 2186
2171 2156 2178
2164 2184
2156
2176 2161 2175
2174 2167
2158
2158 2191 2185
2183 2171
2170 2177
2170 2177
2175 2176
2167 2221 2197
2192 2194 2159 2208
2187 2163
2163 2197
2193 2162 2188
2174
2213 2168
2173 2198
2166 2221
2195 2180
2182 2205
2199 2165 2202
2199 2163 6096
2234 2173
2206 2179 2207
2182 2219 2209
2179
2201 2187
2226 2166 2204
2231 2181 2178
2200 2185
2189 2190 2233
2198 2203
2216 2195
2189 2214 2212
2217 2200 2211
2242 2196 2229
2188
2192
2192 2220 2215
2179 2210 6020
2238 2193 2239
2208
2224 2218 2203
2202
2226 2184 2236
2202
2207 2228 2254
2201 4070 2223
2203
2222 2211
2230 2227 2193
2207
2186 571 2178
2225 2218
2244 2216 2252
2211 2235
2232 2222
2241 2248 2213 2196
2219 2255 2233
2215
2204 4317
2219
2245 2240 2197
2243 2225
2199 2227 2247
2249 2253 2237 2191
2224 2246
2213
2234 6001
6049 2261 2209
2250 2209
2231 4006 2252
2226
4117 2258 2204
2256 2232
2251 2223
2231
2235 2253
2233
2226
2234 2254 6019
6101 2260 2239
2263 2244
2240 2223 4150
2246 2234
2215 2257 2249
2264 2227 2262
2259 2243
2254
2242 4114 4120
6077 6079 2256
2250 6071 6103
2238
2255 6104
4055 2251 4144
2255
2270 2272 2266 2267
2265 2268
2265 2273
2269 2266
2271 2268
2265 2276
2274 2269 2284
2265 2278 2280
2275 2267
2271 2285 2281
2273 2277 2286
2279 2270
2275 2289
2272 2286 2283
2282 2276
2272 2290 2284
2287 2274
2309 2279
2278 2290
2271 2280
2274 2288
2275 2278
2295 2281
2285 2292
2277 2291
2283 2280 2294
2289 2296
2288 2293
2292 2297 2298
2290 2306
2301 2287
2291 2302 2313
2293 2299
2304 2293 2299
2297 2300 2298
2299 2307
2308 2295
2296 2303
2302 2305
2310 2298
2324 2303
2294 2311
2312 2321 2300
2323 2301
2316 2282
2304
2306 2314
2307 2317
2315 2296
2311 2332
2313 2318 2377
2319 2309
2312 2322
2315 2333
2320 2316
2335 2319
2330 2307
2317 2334
2329 2308
2326 2305 2325
2324 2328
2327 2324
2331 2326
2325 2336
3968 2323
2339 2321
2341 2327
2314 2340
2343 2318 2338
2322 2348 2346
2337 2320 3971
2328 2356
2335 2357
2333 3625
2362 2330
2332 2342
2354 2331
2340 2344 2347
2350 2333 2345
2342 2349
2343 2352
2360 2334
2355 2351 2342
2334 2365
2344 2353
2343 2352
2366 2358 2347
2345 2350
2359 2349
2374 2341
2364 2347
2336 2369
2370 2337
2351 3590
2353 2361
2372 2346
2359 2363 2378
2381 2339
2361 2375
2368 2355
2348 3479
2367 2351
2376 2366
2371 2364 2373
2356 3595 2379
3984 2357
2368 2373
2380 2360
2368 2371
3625 2354
2363 3481
2379 2367
3980 2315
3485 2361
2376 2369 3590
2372
2382 2362
3965 2381
2386 2384 2385 2387
2383 2389 2395 2400
2383 2388 2391
2383
2383
2396 2385
2384 2390 2392
2393 2389 2399
2385 2402 2397
2394 2389 2409
2390 2394 2404
2393 2392 2406
2405 2384 2403
2398 2388 2402
2391 2401 2400
2396
2390 2403
2384 2410 2397
2412 2397
2396 2408 2391 2412
2399 2395 2413
2393 2415 2413 2416
2407 2395
2394 2414 2416
2411 2411 2405
2402
2392 2410
2400 2418 2409
2407 2407
2402 2417 2401
2404 2403
2406 2420
2419 2404
2406 2404 2421
2412
2410 2420
2425 2415 2424
2418 2414
2416 2422
2421 2423
2422 2427
2419
2426 2419 2435
2425 2429 2428
2423 2429
2431 2426
2427 2430 2426
2429 2432 2437
2433 2428
2434 2430
2438 2431 2444
2432 2436 2441
2425 2442 2445
1763 2434 2439
2430 2440
2433 2449
2436 2443
2437 2452
2434 2447
2459 2435
2448 2439 2455
2433 2460 2476
2435 2451 2446
2456 2453 2445
2441 2454
2443 2450
2464 2438
2448 2462 2463
2458 2445
2440 2480
2469 2446 2457
2447 2461
2443 1777
2446 2465
1050 2453 2470
2468 2451
2460 2442
2490 2444 2459
2454 2466
2473 2450 2463
2471 2462 2450
2467 2449
2456 2957
2461 2478
2476 2472 2464
2458 1061 2470
2477 2453
2468 2457
2479 2463 2474
2482 2467
2462 2475 1789 2481
2471 2481
1791 2473 1665
2467 2444
2485 2469
2483 2466 2484
2471 2496 2484 2487
2483 2486 2452 2495
2473 2474
2486 2472
2480 2478 2489
2478 2479
2488 2477
2482 2498 2491 2480
2494 1665 2479
2492 2485
2483 2493
3327 2460
2486 4863 4862
2499 2488
2489 2497
4960 2487
2497 1657 4860 2480
2500 1664 2479
2495 2493 2500
2962 2486
2947 2492 2948
1657 2497 2496
2505 2502 110 2503
2501 2504
2501 2507
2511 2502 2509
2501 2506
2505 2508
2510 2515 2503
2506
2504 2513
2514 2507 2516
2504 2513 2512
2511 2522
2509 2526 2511
2510 2521 2518
2507 2518 2524
2510 2517
2516 2519 2520
2514 2515
2523 2517 2531
2517
2523 2514 2532
2525 2527 2512
2519 2521
2515 810
2522 2528
2513 2533 2532
2530 2522
2525 2529
2528 2530
2529 2527
2519
2521 2526
2526 2534
2535 2533 2536
2537 2534
2540 2534
2538 2535
2539 2537
2542 2538 2541
2548 2543 2536
2539 2544
2539 2547
2545 2540
2541 2546
2556 2543
2544 2549
2551 2542 2552
2540 2550 2557
2546 105
2548 2553 2559
2558 2547
2547 2555
2554 2550 2560
2553 2574 2562
2552 2565
2571 2545 2561
2563 2548 2566
2564 2551
2550 2567
2572 2553
2569 2556 2575
2570 2554 2577
2569 2557
2573 2558
2555 109
2557 2568 2572
2559 85
2566 2576
2563 2579 2561
2582 2562
2604 2556
2566 2560
2584 2564
2554 2578 2581
2561 2585
2590 2568
2581 2562
2574 2587 2583
2580 2590 2569
2586 2579
2574 2577
2570
2588 2578
2591 2573
2575 2593
2580 2592 2589
2578 2598
2600 2583 2595
2602 2586
2596 2579 2576
2597 2584
2594 2586
2585
2592
2588 2605 2599
2618 2590 2608
2606 2591
2610 2607 2587
2601 2595
2614 2588
2603 2599
5462 2589 2609
2601
2622 5465 5457 2571
2595 2615
2612 2597
5954 2598
2611 2596 2616
2602 2613
5923 2598
5952 2608 5990
2617 2606
2609 5457
2600
5316 2605 5946 5991
5948 2608
2682 2612
5462 2596
810 2620
2619 2621
2620 2622
2621 2604
2624
2623 2625 2626
2624
2624 2627
2629 2628 2626
2627 2630 2631
2627
2628
2628 813 2632
2633 2634 2631
821 2632
2632 2635
2634
2637 804 2638
2636
2636 2639
2638 805 2640
2639
108 2642
2641 2644 2643
2642 2645
2642 2646 2647
2643 2648
2644 2649
2644 2649
2645 115
2647 2646
2651
1526 2650 2652
2651
1527 2654
2653 2655
2654 2656
2655 2657
2656 2658
2657 2659
2658 2660
2659 1523
1526 2662 2663
2661 2663
2661 2662 2664
2663
1526
2667
2666 2668
2667 2669 2670
2668
2668 2672 2671
2670
2673 2670
2674 2672
2675 2673
2676 2674
2677 2675
2678 2676
2679 2677
2680 2678
2681 2679
2680 2682
2681 2617
782
782
104 2686
2685 2689 2687
2688 2686
2690 2687
2686 2694
2691 2688
2692 2690 2693
2691 2693
2691 2692
2689 1510
2696 2697 2698
2695 1419
2695 1535
2695 2699
2698 1537
2701
2700 2702
2703 2701 810
2702 2704
1522 2705 2703
2704
2708 2707
2706 2716
2706 2709
2710 2708
2711 2709
2712 2710
2715 2713 2711
2712 2714
2717 2713
2712 2719 2718
2707 2724
2727 2714 2723
2715 2721 2720
2715
2722 2718
2726 2730 2718
2728 2720
2717 2725
2716 2729
2723 2728
2731 2721
2738 2717 2742
2725 2722
2724 2735
2721 2737 2765
2726 2732
2731 2733
2732 2734
2733
2736 2729
2745 2735 2739
2740 2730
2741 2747 2727
2736 2743
2750 2737
2744 2738
2756 2754 2727
2739 2749
2746 2741
2748 2767 2736
2755 2744
2738 2761 2751
2753 2745
2762 2760 2743
2752 2740
2770 2747
2757 2750
2759 2758 2748
2742
2764 2746
2771 2769 2742
2770 2752
2753 2766 2760
2753
2758 2749
2780 2763 2747
2776 2749 2768
2773 2772 2761
2782 2755
2796 2730 2822 2855
2758
2777 2745 2778
2762 2775
2756
2774 2757 2751
2790 2756 2798
2763 2779 2784
2763
2793 2797 2770
2794 2768 2812
2762
2792 2786 2767
2781 2809 2767
2787 2803 2800 2772
2785 2761 2791
407 2778 418
2783 2764
2789 2788 2782
2772
2780 2799
2777
2795 2779
2789 2783
2783 2788
2771
2780
2801 2777 471
2823 2814 2774
2810 2775 2806 2802
2787 2820 2808 4356
2838 2765
2816 2774
2771 2807
2785
2805 2804 2779
2792
2813 2794
2779
2805 2800
2800 2804
2794 2818
2815 2894 2798
2811 4350 4352 2795
2778
3056 3045 2794
2808 2882
3066 2775 3148
3065 3063 2802
2819 2793
4363 2807
2817 2797
4347 2816 2878
3058 2806 3053
2814 2821
2795
2819
4353 2765
2793
2827 2825 2826
2824
2824 444 2828
2824 2833
2826 2829
2828 2830
2829 2831
2830 2832
2831
2834 2827
2835 2833
2836 2834
2837 2835
2836
2796 2839 2845
2838 2841 2840
2839 2843
2839 2842
2841 2844
2840 2848
2842 2846
2838 2847 2850
2844 2851
2849 2845
2843 449
2847
2845 2855 2852
2846 2858
2853 2850 2857
2852 2854
2853 2856
2850 2765
2854 2861
2859 2860 2852
2851 2886 2881
2857
2877 2857 2862
2856 2865
2860 2863
2864 2862 2866
2872 2873 2863 2869
2861 2893
2867 2863
2866 2868
2867
2870 2864
2879 2871 2869
2878 2870 2880
2875 2864 2874
2864
2872 2876
2872 2876
2874 2875
2882 2894 2860
2883 2871 2817
2870
2871
2858 2884 2895
2811 2877 2885 2889
2878
2881 465 2896
2887 2882 2888
2858 2893
2885 2888
2885 2887
2891 2882 2890
2889 2892
2889 2892
2890 2891
2865 2886
2877 2807
2881
2884
2898
2897 2899
2898 2901 2900
2899 2902
2903 2899
2900 2904
2905 2901
2902 2906
2903
2904 2908 2907
2906 449
2906 2909
2910 2908
2911 2909
2912 2910
2911
2915 2917 2914
2913 2916
2913 2916
2914 2915
2913 2919 2918
2917 449 422
2917 2922 2920
2921 2919
2920
2919
470
452
2926 2927
2925 2929 2930 2928
2925 2931
2926 2942
2934 2926
2926 2933
2927 2939 2932
2935 2931 2936
2930 2938
2937 2929
2932 2940
2932 2941
2943 2934
2946 2933 2945
2949 2931
2961 2935 2950
2936 2952
2944 2955 2928
2965 2937 2949
2942 2947
2948 2938 2954
2971 2953 2938
2944 2948 2499
2945 2947 2499
2943 2951 2939
2957 2956 2940
2949 2960
2941 2958
2946 2966 2959 2974
2945 2964
2942 2961
2950
2465 2950
2952 2962
2963 2953
2967 2951
2955 2940
2958 2498
2968 2959
2954 1050 2972
2943 2989 2981
2970 2969 2953
2977 2991 2960
2963
2966 2975
2995 2978 2966
2973 2946 2974
2980 2964
2971 2976
2979 2971 2953
2969 2982
2973 1062
2967
2985 2970 2997
2983 2974
2972
2965 2986 2984
2983 2996 2975
2979 2998 2982 2987
2990 2981 3006
2988 3028 2978
2993 3010 2981
2983 2992
3002 2990 2985
2965 3001 3005
2988 3027 2984
2967 2994
2987
2999 2986
3003 2991 3014
3021 2970
2982 3000
2978
3020 2983
3007 2993
2996 3013
3026 2989 3023
3004 2988
2994 3008 3009
3002
2989 3010 3023
3011 2984
3036 2999
3003 3009
3008 3012 3003
2986 3017 3016 3005
3015 3006
3009
3000 3022
2994 3018
3019 3011
3029 3010 3031
3034 3010
3014
3024 3015
3030 2998
3038 2995 3032
3013 3032
3005 3025 3001
3019 3027
3031 3023
3037 3001
3024 2990
3033 2985
3016 3035
3032 3020
3016 3025
3021 3030 3022
3036 3028
3041 3039 3017
3040 3029 3105
3042 3007 3033
3194 3026
3152 3021 3321
3113 3034
3317 3035
3125 3132 3034
3322 3036
3044
3043 3046 3045
3044 2810
3044 3048 3047
3049 3046
3046
3047 3050 3052
3051 3049
3050
3049 3053 463
3054 2818 3052
3055 3053
3054
2810
3058
3057 3059 2818
3058 3060 3061
3059
3059 3062 3063
3061
2813 3064 3061
3063
2813
2812
3068
3067 3069 3070
3068 3075 3072
3068 3071
3074 3070 3073
3069 3079 3076
3071 3077
3071
3069 3080 459
3072 3087
3073 3078 3081
3077 3094 3082
3085 3072 3091
3083 3098 3075
3077 3090 3089
3084 3078
3092 3080
3086 3082 3101
3079 3088 3103
3099 3084
3076 435
3085 3095 3097
3104 3081 3096
3104 3081 3093
3110 3079
3100 3083
3090 3106
3100 3112 3078
3105 3088
3089 3114
3118 3108 3088
3107 3080
3086
3094 3102 3092
3084 3111
3100 3129 429
3085
3089 3090
3035 3095
3093 3109
3098
3117 3097
3106 3113
3119 3124 3091
3101 3116 3115
3094
3109 3039
3096 3120
3129 3111
3122 3111 3123
3132 3108
3097 3121
3128 3110
3114 3122 3126
3118 3125
3120 3127 3116
3131 3116
3110 3140
3121 3041
3120 3130 3147
3141 3122
3136 3119
466 3115 3102
3126 3133 3134
3142 3135 3123
3041 3117
3146 3130
3138 3130
3131 3137
3128
3144 3139 3135
3155 3150 3134
3137 3145
3143 3124
3127
3131
3153 3140
3137
3148 3139
3154 3159 3133
3126 3149
3151 2812 3145
3147 3152
3156 3138 3157
3164 3148
3038 3149 3158
3183 3143
3158 3146
3138 3307 3160
3150 3163
3161 3150
3152 3154
3324 3146
3166 3162 3155
3157 3176 3165
3177 3160 3172
3168 3156 3170
3167 3175 3151
3161 3173
3160 3169 3171
3164
3163 3181
3166 3174
3163 3178
3166 3174
3176 3308 3162
3180 3165
3171 3169
466 3164 3179
3161 3172
3162 3311
3170 4693
468 3175
3185 3173 3182
3336 3341 3168
3180 3184
3153
3182 3187
3180
3187 1060 3188
3184 3186
3186
3190
3189 3192 3191
3190
3194 3193 3195 3190
3198 3192
3197 3192 3037
3196 3192
3199 3195
3194
3201 3193
3200 3196
3199
3205 3202 3198
3203 3201
3202 3204
3208 3203
3206 3201
3207 3205
3209 3206
3211 3204
3210 3207
3209
3212 3208
3213 3211
3214 3212 3215
3217 3213
3216 3213
3218 3215
3219 3214
3220 3216
3223 3217
3221 3218 3224
3222 3220
3225 3221
3227 3219
3226 3220
3228 3222
3229 3224
3230 3223
3225 3239 3236
3231 3226
3232 3227 3243
3234 3229
3235 3233 3230
3232 3237 3256
3238 3231
3246 3232
3240 3228
3241 3233
3242 3234
3228 3266
3244 3236
448 3237
3245 3238
3257 3230
3251 3240
3247 3242
3262 3235
3248 3245
3249 3247
3250 3248
3252 3249
3259 3244
3253 3250
3254 3252
3255 3253
3258 3254
3233 3272
3261 3243
3260 3255
3263 3251
3265 3258
3268 3257
3264 3246
3266 3259
3273 3262
3267 3260
3239 3263
3269 3265
3271 3261
3270 3267
3277 3269
3275 3268
3256 3274
3287 3264
3272 3279
3276 3271
3280 3275
3278 3270
3281 3277
3274 3288 414
3282 3276
3283 3278
3284 3280
3286 3281 3285
3285 3282
3283 3284
3290 3283
3292 3273
3279 3289
3288 3295
3291 3286
3293 3290
3302 3287
3294 3291
3297 3293
3289 3296
3295 3306
3298 3294
3299 3297
3300 3298
3301 3299
4216 3300
3303 3292
3304 3302
3305 3303
4223 3304
3296 4155
3155
3172 3309 3310
3308 1060
3308 1024
3177 3312
3311 1045
1052
3317 3315
3314 3316
3315
3314 3040 3318
3319 3317
3318
3321 3322
3038 3320 3323
3320 3042
3321
1064 3159 3325
3324
3327
3326 2490 3328
3327
464
468 461
3333 3332
3331 1051
3331 3334
3335 3336 3333
3334
3334 3181 3337
3338 3339 3336
3337
3340 3337
3341 3339
3181 3342 3340
3341 3343
3344 3342
3345 3343 3348
3346 3344
3351 3347 3345
3346 3350 3352
3349 3344
3361 3367 3348
3347 3352
3353 3354 3346
3347 3350
3356 3351 3355
3351 3358
3353 3357
3353 3357
3355 3356
3359 3354
3358 3360
3359
3362 3363 3349
3361 3364 3369
3368 3361 3365
3362 3379
3363 3366
3365 3375
3372 3378 3349
3370 3363 3380
3362 3387
3368 3371
3373 3370 3381
3383 3367 3374
3371 3376
3372 3381 3377
3366 3384
3377 3373
3374 3376
3367
3390 3388 3364
3368 3382
3382 3371 3374
3380 3381 3385
3372 3387 3385
3375 3386
3383 3382 3386
3384 3385
3383 3369 3422
3379 3395 3389
3391 3388
3396 3379 3392
3394 3389 3393
3390 3400
3391
3399 3401 3391
3388 3398 3410
3404 3397 3390
3396 3411 3408
3413 3395
3406 3394 3403
3409 3392 3402
3394
3400 3407 3405
3399
3409 3396
3402
3399
3402
3412 3397
3414 3400 3404 3416
3395 3431
3415 3417 3397
3408
3418 3398
3409
3416 3411
3420 3415 3409
3411 3424 3419
3427 3413 3429
3417 3421
3423 3439 3416
3419
4678 3387 3428
3426 3420
3425 3434 3417
3436 1889 3424
3423
3418 4456
3422 3432
3430 3418 3435
3443 3429 3442
3439 3410 3433
3438 3428
3446 3431 4556
3441 3424 3440
3437 3429
3444 3425
4847 3435 4527
1908 3432 3448
3420 4642 2027 3431
3434 3447
3434 4643 4640
4524 3430 4682
3430 4682
3445 3436
3444
3433 4557 4539
3440 4634
3438 4852
1050 1058
1059 3451
3450 1064
3454 227 3453
3452 3459
3452 3455 3456
3457 3454
3454 3464 3462
3458 3455
3460 3457
3453 3461
3463 3458
3459
3472 3456
3460
3465 3456
3466 3464 3467
3468 3465
3469 3465
3470 3466
3477 3467
3471 3468
3473 3470
3475 3474 3462
3481 3471
3476 3472
3479 3472
3478 3474
3483 3469
3482 3476
2365 3480 3475
3488 3479
3485 2375 3473
3484 3492 3478 3483
3482 3477
3486 3482
2378 3487 3481 3494
3489 3484
3485 3495
3491 3480
3490 3486
3496 3489
3493 3488
3482
3501 3491
3485 3503
3487 3497
3490
3499 3495 3498
3497 3500
3502 3497
3498 230
3504 3493
3505 3499
3494 3511 3510 3507
3506 3501
194 3502
3504
3508 3503
3509 3507
3508 3515 3512
3513 3503 215
3516 3503 3519
3514 3509
226 3510 3518
3517 3512
3521 3509
3511 3518
3520 3514
3513 3516 214
3511 3527
3526 3524 3517
3528 3515 3523 3522
3521 3525
3526 3521
3533 3520
3522 3531
3523 3520
3529 3519
3521 3530
3527 3538 3535 3541
3543 3528 3536 3544
3525 3532
3531 3537 3534
3539 3567 3540 3524
3532 3542
3529 3545 3552
3539 3530 3551
3532 3550
3529 3553
3536 3533 3551
3533 3547
3529 3549 3564
3534 3548
3530 3555
3530 3559
3546 3535
3548 3545 3557
3554 3540
3542 3546
3541 3568
3537 3556 3569
3539 3563 3536 3554
3535 3561
3561 3538 3892
3583 3946 3551 3547
3543 3901 4335
3558 3550
3546 3560 3566
3560 3556 3966
3544 3562
3557 3558
3553 3897 3552
3559 3565
3551 3925
3869 3541
3562 3930
3557 3966
3586 3533
3549 3877 3808
3550
3571 3572 3573
3570 3573 3575
3570 3574
3570 3579 3571
3572
3571 3576
3577 3575
3578 3576
3582 3580 3577
3584 3573 3594
3583 3578 3581
3580 3586
3585 3578
3580 3554
3593 3579
3589 3582 3587
3590 3567 3581
3585 3588
3587 3591
3592 3585
3586 2358 2379
3588 3595
3597 3589
3598 3584
3579 3596
3591 2369
3594 3599
3603 3592
3600 3593
3601 3596 3611
3602 3598
3604 3599 3608
3605 3600
3606 3597
3615 3607 3601
3609 3602
3621 3603 3625
3604 3614 3612
3601 3610
3970 3605
3608 3617
3627 3631 3599
3613 3607
3633 3612 3623
3607 3616
3618 3604
3614 3619
3610 3620
3628 3615
3616 3622
3617 3624
3653 3606
3619
3632 3630 3613 3626
3620 3629
2338 3606 2374
3623 3643
3635 3611
3629 3633 3618
3628 3624
3623 3639
3637 3611 3634
3623 3638 3647
3628 3613
3636 3631
3652 3627
3634 3649 3648
3631 3643 3642
3632 3644 3641
3630 3645 3640
3650 3639
3667 3638 3646
3645 3637 3657
3645 3637 3626
3638 3655
3639 3642 3643
3641 3651
3632 3650
3636
3636 3658
3647 3655 3640
3646 3656
3654 3635
3621
3652
3650 3644 3656
3660 3655 3651
3642 3659
3671 3670 3649 3664
3657 3661
3665 3656
3662 3659
3663 3661 3668
3662 572 3666
3658 3676
3675 3660 3672
3669 3663
3673 3641
3662 3685
3674 3666
3658
3683 3658
3665 3682 3679
3687 3953 3667
3678 3669
3665 3677 3680
5741 3664 5746
3675 3943
3681 3674
3672
3675 3962
3684 3678
5768 5772 3672
5764 3671
3686 3681
3668 5764 5774 5775 5778
5777 3684
3673 3949
222 232 3689
3688 3690 3692
3691 3689
3690 3693
222 3689 235
3694 3695 3691
3693 3696
3693 3698
3700 3697 3694
3705 3696
3699 3695
3701 3698 3702
3696 3703
3699 3704 3702
3701 3699 329
3700 3714
3701 3707
3706 3715 3697
3711 3705
3710 3704 3708
3707 3709
3708 3713
3707 3712
3706 229
3710 3716
3709
3703 3717 3719
3705
3712 2143 3718
3731 3714 3725 3723
3720 3721 3716
3714 3722 3724
347 3718
331 3718
3719 3730
3726 3717
3719 3727
3729 3728 3717
3732 3723
3724 3735
3745 3725
3736 3725 3733
3722 3740 2140
3734 3717
3741 3737 3726
3729 3735
3738 3731
3733 2146 3727 3743
3750 3729
3732
3749 3739 3734 3741
3746 3738
3742 3730
3738 3747 3732
3744 3740 2079
3735 3751
3742 3748
3746 3728
3739 3750 3745
3755 3741
2143 3753 3744
3738 3754
3746 3752 3736
3743 3758
3750 3758
3748
3757 3749 3760
3756 3747 206
3755 3759
3766 3754
3770 3752 3764 3751
3761 3756 3763
3768 3754
3759 3762
3761
3759 3765
3767 3774 3758
3769 3763
3773 3757 3771
3777 3764
3772 3760
3778 3765 3772 3775
3793 3758 2146
3766 3780
3769 3768
3776 3766
3782 3764
3769 3781
3784 3773 3785
3779 3767
3783 3769
3789 3777
3771 3786
3775
3787 3774
3778
3776 3788 3794
3776 3790 3797
3780 3796
3791 3782
3795 3784 3790
3779 3803 3805 3804
3788 3785 3792
3796 3787
3799 3790 3798
3770 4343 3800
3784 3802
4919 3788 5819
3786 3791
3785 3801
3792 4933
5783 3792
5784 3793 5818
3797 5790
3794 5835
5836 3789
3789 5838
5820 3789 5840
3807 3808
3806 3811 3809 3815
3806 3568 3814
3807 3810
3813 3809
3812 3807 3818
3811 3823
3820 3810 3814
3817 3813 3808
3807 3816
3822 3815 3829 256
3819 3814
3811
3817
3813 3821 3825
3820 3824
3831 3826 3816
3833 3812
3828 3821 3827
3820
3822 3834 3830
3836 3832 3824 3837
3836 3824
348 3816
3839 3826
3846 3822 3842
3827 3840
3845 3848 3835 3823
3843 3826 3839
3833 3847
3838 3827 3828
3841 3827
3849 3836
3834 3830
3832 3844
3852 3837 228
3862 3850 3831
3861 3834 209
3859 3854 3840
3833 3865 3855
3831
3835 3860
3851 3833 3857
217 3853 3838
3842 3863
3848 3881
3853 3841
3849 3852
3866 3844 3867
3856 3845
3868 3864 3855
3874 3858 3848
3875 3857
3844
3847 334
235 3843
3873 3842
3850 348
3856
3876 3879 3845
3854
3854 3869
3871 3856 3870
3867 3877 3564
3868 3872
3868 3872
3870 3871
3878 3862
3857 3883 3897
3887 3858
3882 3865 3880
3869 3568
3884 3873
3865 3889 3891 328
3876 3885
3890 3851
3876 3885
3886 3874
3878
3880 3882
3892 3883
3888 3875
3893 3887
328 3894 3879
3895 3881
3903 3879
3553 3886 3896
3897 3888
3889 3900 3907
3901 3890
3898 3892
3893 3561 3874
3896 3899
3898
3902 3894
3555 3895
3904 3900 3905
4335 3891 3914 3908
3906 3902
3902 3909
3913 3917 3904
3894 3910 581 3911
3916 3903 3911 3915
3905 3912
3921 3907 3918
3907 3908 5767
3909 4228
4228 3906
3944 3903 581
5767 3908
3919 3908
3906 4255
3920 3910
3922 3916
3918
3910 3991 4333
3919 3923 4338
3922 4337
228 220
3563 3926
3925 3927
3926 3928
3927 3929
3928 3930 3931
3929 3565
3929 3932
3931 3933
3932 3934
3933 3935
3937 3934 3936
3935 3938
3940 3935
3936 3941 3939
3938 3943
3942 3937
3938 3945
3946 3940
3944 3939 3677
3914 3943 3947
3948 3941
3949 3554 3942
3944 3950 554
3951 3945
3946 3687
3947 3954 3952
3953 3948
3950 3956
3673 3951
3950 3956 3955
3954 586
3952 3957 3954
3958 3956
3959 3957
3960 3958
3961 3959
3962 3960
3680 3961
3964
3963 3965
3964 2382
3566 3558
3968
3967 2329
3970
3969 3609
2335 3972
3971 3973
3972 3974
3973 3975
3974 3976
3975 3977
3976 3978
3977 3979
3978 3980
3979 2377
3982
3981 3983
3982 3984
3983 2370
3986 3988 3987
3985 3987
3985 3986
3985 577 3989
3988 3991 3990
566 3989
3989 3921 583
3993
3992 3996 3994
3993 582 3995
3997 3994
3993 3999 4003
3998 3995
4000 3997
4004 4007 3996
4001 3998
4002 4000
575 4001
4006 4011 3996
4008 3999 4005
4004 4015
4010 2240 4003
3999 4012 4015
4009 4004 4016
4020 4008
4014 4006 4013
4016 4017 4003
4007 4022
4010 4014
4010 4013
4020 4007 4005
4008 4019 4011
4018 4011
4021 4017
4016 4024 4023
4015 4024 4009
4027 4018 4025
4012 4038
4019 4026 4029
4020 4019 4033
4026 4021 4032
4023 4025
4021 4030 4028
4036 4042 4027
4023 4031
4034 4027
4029 4035
4037 4025
4024
4044 4030 4041
4031 4037
4039 4046 4028
4040 4035 4032
4022 4060
4047 4036
4037
4034 4043
4048 4028
4041 4045
4067 4034
4043 4049
4036 4051 4052
4053 4054 4039
4057 4056 4042 4050
4055 4045 4061
4048 4070
4064 4046 4066
4059 4046 4077
4047
4058 4047
2263 4049 4067
4065 4048 4074
4063 4048
4068 4062 4054
4073 4052
4038 4071 4083
4049 4069
4078 4058
4066 4057
4076 4051
4081 4056
4051 4063 4086
4055 4044
4072 4058
4061
4050 2216
4060 4075
4068
4102 4059 4095
4091 4056
4080 4071
4064 4079
4052 4087
4119 4062 4094
4076 4082
4101 4075
4065 4085
4079 4084
4089 4060
4082
4081 4090
4099 4088 4066
4077 4093
4097 4086
4092 4083
4085
4096 4074
5724 4089 5758
4087 4095
4078
4093 4073
4104 4091 4098
4088 4100 4105
4096 4103
4086
4106 4097
4118 4109 4080
4111 4108 4073
4098 6086
4096
4107 4097
4100 4136 4149
4105
4102 4121
4101 4121
4111
4110 4102
552 4114 4113
4112 589
4112 2258
4116
4115 582
2242
4101 4119
4078 4118
2258 547
4109 4108
4126 4123
4122 4124
4123 4125
4124
4122 4127 571
4129 4128 4126
4127
4127 4130
4129 4131 4132
4130 4132
4130 4131
4134
4133 4135
4134 4136
4135 4137 4106
4138 4136
4139 4137
4138 4140
4139
585 4142
4141 4143
4142
2263
4147 4146
4145 4149
4145 4148
4147
4146 4106
2252
4153 4152
4151 4155 4156 4154
4151 4160
4157 4152 4159
4158 3306 4152
4161 4152
4154
4155
4154 4162
4153
4163 4156
4159 4164
4165 4161
4162 4173
4166 4167 4163
4168 4169 4165
4165 4170
4166 4169
4168 4166
4172 4171 4167
4175 4170
4174 4170
4184 4175 4164
4177 4172 4176
4173 448 4181 4171
4174 4178
4174 4180
4176 4179
4178 4180
4179 4177
4182 4175
4183 4181
4185 4182
4173
4186 4183
4187 4185
4188 4186
4190 4189 4191 4187
4188 4195
4192 4188
4193 4188
4194 4190
4199 4191
4197 4192
4189 4196
4195 4198
4207 4194
4196 4211
4201 4200 4193
4202 4199
4206 4199
4203 4204 4200
4202 4205
4202 4214 4208
4209 4203
4210 4201
4221 4197
4204 4216
4212 4205
4213 4206
4198 4222
4218 4209
4215 4210
4204 4217
4213
4208 3301
4214
4219 4212
4220 4218
4219
4224 4207
4211 4223
4222 3305
4221
4227 4226 4228
4225 4232
4225 4233 4229
4225 3913 3912
4227 4230 4236
4229 4231
4230 343
4235 4226 4234
4227 335
4237 4232
4238 4232
4229
4241 4240 4239 4234
4243 4235
4245 4237
4242 4237
4246 4237 4254
4244 4240
4248 4238
4247 4250 4242
4256 4239
4241 352
4251 4244 4249
4255 4243
4247 4252
4244 4253 4259
4247 4252
4249 4251
4266 4257 4250
4241 4261 4258
4262 4248 3917
4261 4270 4245
4260 4253 4263
4254 4265
4250 4264 4264
4257 4263
4267 4256 4254
4255
4257 4260
4259 4259
4258 4268
4253
4261
4265 4269
4268 352 4273
4271 4256
4272 4270
4275 4282 4271
4269 4274
4276 4273
4272 4279 4277
4278 4284 4282 4274
4283 4275
4276 4286
4280 4275 4281
4290 4279
4292 4279 4285
4276 4272
4287 4277
4276 681 313
4288 4281
4289 676 4278
4283
4295 4293 4285
681 4286 4294
4291 4280
4290
4302 4300 4281
4296 4288
4289
4288 672 4298
4297 4293
4296 4299
4295 4301
4297
4292 4317
4304 4298 4303
4307 4305 4292
4301 4306
4301
4302 4308 4310
4303 4309
4311 4302
4312 4305 4320
4306
4316 4305
4313 4307
4319 4308 4332
4314 4311
4315 4313
4318 4314
4321 4310
4327 2229 4300 4332
4324 4323 4315
4312
4308 4322
4328 4316
4320 4325
4326 4318
4318
4322 4329
4323
4330 1174 4317
4321
4325
4331 4327
4330
566 4312 4317
3921 4334
4333
3555 3903
332
3923 4338
4337 3922
2136 4340
4339 4341
4340 2138 4342
4341 4343
3793 4342
338 343
4346 2141
4345
2817
4349 4350
4348 4351
4348 2808
4349
2808
2822
4356 4355
4354 4357
4354 4357 2795
4355 4356
4363 4359
4358 4360
4359 4361
4360 4362
4361 4364
2815 4358 4368
4362 4367 4365
4364 4366
4365 4390
4364 4374 4373
4369 4375 4363
4370 4371 4368
4379 4372 4369
4369 4376 4378
4370
4367 4381
4385 4367 4380
4382 4368
4379 4371 4377
4384 4376 4389
4383 4371
4397 4370 4376
4374 4386
4373 4387
4383 4375
4389 4382 4378
4393 4402 4377
4374 4388
4380 4391
4381 4395
4385 4401
4383 4377
4366 4394 4392
4386 4399
4403 4390
4397 4406 4384
4390 4396
4399 4396 4387
4394 4398 4395
4379 4400 4393
4404 4396 4408
4391 4395
4397
4388 4407 4405
4417 4384
4392
4398 4411
4426 4401
4410 4393 4409
4418 4401
4421 4419 4398
4406 4414 4443
4415 4413 4406
4404 4412 4416 4428
4411 4426
4410
4422 4427 4409
4424 4420 4410
4418 4411 4425
4423 4402
4416 4407
4435 4433 4408
4429 4415 4430
4408
4437 4414
4438 4417
4415
4416 4432
4412 4405 4439 4444
4431 4414
4411 4441
4436 4420 4440
4434 4420
4427
4425
4449 4419
4446 4442 4430
4419
4429
4422
4423
4426 4457
4429 4445 4446
4428 4449
4434
4448 4454 4409 4456
4426 4459 4447
4440
4440 4451 4434
4444 4450
4453 4455 4443
4441 4457 4433
4447 4452
4446 4465
4450 4460
4468 4448
4443 4458 4606
4448 4467 4462
4464 4443 3427
4439 4501 4449
4470 4454 4461
4444
4452 4466
4458 4472
4463 4455 4475
4523 4462 4471
4456
4619 4451 4846
4460 4512
4469 4455
4453 4475 4469
4468 4467
4473 4708 4458
4463 4474
4608 4611 4461
4701 4470 4858
4471 4521
4468 4462
4477
4476 2028 4478
4477 4479 4481
4478 4480
4479
4478
4488 4485 4483
4482 4485 4484
4483 4487
4482 4483 4486
4489 4485
4491 4484
4482 4494 4490
4486 4492
4493 4488
4496 4487 4497
4508 4489
4495 4490
4501 4502 2001 4488
4498 4493
4500 4491
4491 4499 4505
4503 4495
4497 4502
4496
4457 4494
4499 4504 4494
4506 4498
4507 4502
4497 2025
4509 4503
4504
4492
4510 4506
4511 4512 4509
4510
4510 4466
4515 4514 4516
4513 4520
4513 4518 4517
4513 4521 4520
4515 4519
4515 4519
4517 4518
4523 4522 4516 4514
4474 4516
4520 4527 4525
4524 4463 4520
4527 4523 3442
4526 4522 4528
4529 4531 4525
4524 4532 4522 3437
4530 4525 4533
4526 4541 4542
4538 4534 4528
4536 4526 4542
4536 4527 4539
4537 4528 4535
4530 4550 4551
4533 4540
4531 4532 4544
4533 4540
4547 4530 4548
4544 3446 4532
4535 4537
4529 4543
4545 4531 4529
4541 4549
4536 4539 4546
4557 4542 4554
4544 4557
4538 4553 4561
4538
4543 4556
4552 4564 4534
4558 4534 4555
4565 4550 4562
4547 4560
4545
4551 4559
4563 4549 3433
3446 4545 4546
4551 4559
4555 4558
4553
4547
4552 4571
2003 4556 2016
4567 4550 4566
4568 4552
4564 4569
4564 4569
4565 4570
4566 4567
4568
4562 4572
4571 4575 4573
4572 4574
4573 4576
1975 4577 4572
4574
4578 4575 4581
2018 4579 4577
4580 4578
2018 4579
4582 4577
4583 4581
4584 4585 4582
4587 4583 4589
4588 4583 4586
4590 4585 4591
4584
4593 4585 4595
4584 4592 2008
4594 4586
4586
4589 4596
4588
4597 4590 4598
4600 4588 4599
4604 4607 4592
4602 4594
4594
4595 4601
4595 4601
4599 4600
4603 4597
4606 4602 4605
4608 4613 4596
4611 4603
4454 4603
4596 4610 4609
4604 4619 4472
4607 4612
4617 4607 4624
4472 4605
4609 4614
4615 4618 4604
4612 1980
4613 4616
4615 4622
4621 4610
4620 4623 4613
4608 4465 4620
4619 4618
4622 4623 4617
4621 4616
4621 4625 4618
4610 1998
4627 4626 4623
4625
4625 4628 4630
4627 4629
4628
4846 4627
1904
4633 4634
4632
4632 4635 3447
4634 1889
2023 4637
4636 4638
2023 4637
4640
4639 4641 3441
4642 4640
4643 3439 4641
4644 3441 4642
4645 4643 4647
4646 4644
4650 4645 4651
4648 4644
4647 4649
4648
4646 2022 4652
4646
4650 4653
4652
2014 4655 4657
4654 4656
4658 4655
4654 2028 4661
4656 2000 4659
4658 4660
4659 4662
4657 4663
4660 4664
4661 4665
4662
4663 2009 4666
4667 4669 4668 4665
4671 4670 4666
4670 4666
4666 4671
4667 4668
4667 4669
4673
4672 4674
4673 4675
4674 1053 4676
4675 1054 4677
4676 4678
4677 3422 4679
4678 4680
4679 4681
1054 1891 4680
3442 3443
4684 4687 4685
4683 4686
4683 4686
4685 4684
4683 4688
4687 4690 4689
4688
1906 4691 4688
4692 4690 4692
4691 4691
3178
4696 4695
4694
4694 4697
1908 4696 4698
4697 4699
4698 1891
1895
4703 4473 4702
4701 4704
4701 4704
4702 4703
2026 4706
4705 4707
4706
4709 4470
4708 4710
4709 4711
4710
1063 4713
4712 4714
4713 4715
4714 4716
4717 4715
4716 941 4718
4717 4719
4718 4720
4719 4721
4720 4722
4721 4723
4722 4724
4723 4725
4724 4726
4725 4727
4726 4728
4727 4729
4728 4730
4729 4731
4730 4732
4731 4733
4732 4734
4733 4735
4734 4736
4737 4735
4736 4738
4737 4739
4738 4740
4739 4741
4740 4742
4741 4743
4742 4744
4743 4745
4746 4748 4744
4745 4747
4746 4749
4745 4750
4747 4751
4748 4752
4753 4754 4749
4750 4759
4755 4760 4751
4756 4751 4758
4769 4753 4757
4763 4754
4755 4766 4765
4762 4754 4772
4752 4768
4761 4753
4760 4764
4773 4758
4771 4756
4761
4767 4757
4777 4757 4780
4770 4765
4759 4775
4755
4774 4767
4778 4763
4758 4774
4776 4762 4791
4772 4770
4768 4789
4785 4781 4773
4779 4766
4784 4771
4777
4782 4766 4787
4776 4783 4788
4796 4780 4798
4786 4781
4799 4778
4776
4790 4783 4793
4809 4780 4803 4797
5382 4781 4792
4775 4821
4786 4794
4773 4804 4797
4788 4795
4786 4794
4793 4790
4792
4782
4787 4800 4791
4782 4806
5365 4784 4808
4801 4797
4802 4800
4801
4813 4787 4805
4824 4791 4807
4803 4825
4798 4810
4819 4804 4812
4799
4811 4787 4814
4828 4822 4806
4826 4809 4820
4807 4823
4815 4816 4803
4809 4817
4813 4818
4818 4813
4814 4820
4815 4816
4807 5649
4817 4811
4789 5624
4829 5479 4810
5645 4812 4827
4804
4805 5683
4811 5564 5686
5559 4823
5521 4810 5676
5475 5495 4822
2019
1994
1997
1896 4834
4833 4835
4834 4836
4835 4837
4836 4838
4837 4839
4838 4840
1896 4839 1887
2015 4842
4841 4843
4842 4844
4843 4845
4844 2015
4465 4630
4848 3437 4849
4847 4850
4847 4850
4849 4848
2027
1903 3448
1892
4856 4858 4855
4854 4857
4854 4857
4855 4856
4473 4854
2004 1875 1902
4861 2495
4860 4862 4863
4861 2491
4861 2491 4864
4865 4863
4866 4864
4867 4865
4866
4869
4868 4872 4870
4869 4871
4870 4875
4869 4874 4873
4872 4876
4877 4872
4878 4881 4871
4873 4878
4879 4874 4892
4876 4880 4875
4885 4877
4878 4882
4883 4875 4886
4880 4884
1633 4881
4882 4888 4886
4887 4879
4884 1674 4881
4889 4885
4892 1663 4884 1674
4890 4887
4891 4889
4894 4890
4893 4877 4888 4895
4892 1638 4895
4896 4891
4892 4898 4893
4897 4894
4899 4896
4895 1657 1658
4900 4897
4899 4901
4903 4902 4900
4901 4908
4904 4901
4905 4903
4906 4904
4907 4905
4909 4906
4912 4902
4910 4907
4911 4909
4910
4908 4913
4912 4914
4913 4915
4914 4916
4915 4917 4918
4916 4919
4920 4916
4917 3795
4921 4918
4922 4920
4923 4921
4924 4922
4925 4923
4926 4930 4924
4927 4925
4926 4928
4929 4927
4928
4925 4931 4932
4930 4933
4930 4934
3798 4931
4932 4935
4934 4936 4937
4935 4938
4940 4935
4936 4939
4938 234
4941 4937
178 4940
1662 4943 4944
4942 1669
4942 1671
917 4946 4947
4945 4948
4945 4950 4952
4946 4949
4948 4951
4947 1781
4949 1792
4947 925 917
826
1787 4955
4954
801 1783
4958
4957 4959
1671 4958 1668
1664 2494
4962 4963
4961 4964
1271 4961 1293
4962 4965
4968 4964 2139 4966
4965 4967
4966 4969
4970 4971 4965
4967 1277
4972 4968
4968
4970
1780 827 4974
4973 811 802
1666 1668
1790 4977
1755 925 4976 4978
935 940 4977
1663
4981 4982 4988 4983
4980 4997 4984
4980 4985
4989 4990 4980
4986 4981
4994 4982 4992
4984 4987
4986
4993 4980
4983 4991
4983 5001
4989 4999 4996
4985 5000
4988 5003 5025
5006 4995 4985
4994 5007
4998 4991
5012 4981
4996
5002 5014 4991
4992 5008
5019 5004 4990
4999 5004 5016
5020 5005 4993 5097
5001 5002 5015
5011 5003
5009 4994 5010
5018 4995
5000 5017
5006 5013
5006 5013
5023 5005
5027 4997
5010 5009
4999 5040 5025
5004 5024
5002 5021
5008 5035 5030
5022 5007
5029 5001 5028
5003 5026
5016
5044 5043 5018 5046
5011
5015 5034
5014 4993
5020 5047 5042
5031 5012
5034 5019
5038 5036 5019
5033 5017 5032
5048 5027
5030 5037
5030 5037
5024 5028
5017 5041
5029 5039
5032 5033
5029 5088 5049
5064 5036 5045
5053 5014
5035 5050
5026
5022 5057 5059
5022 5069
5039 5052
5022 5080
5026 5051 5055
5445 5031
5038 5054 5070
5041 5062
5047 5071
5045 5056
5065 5060 5040
5058 5049 5061
5047 5067
5052 5068
5043 5076 5063
5054 5079 5073
5043 5077
5074 5053 5072
5609 5054
5050 5700
5057 5086 5090
5082 5039 5075
5087 5053 5066
5065 5713
5055 5544
5056 5081
5083 5044 5091
5049
5051 5078
5060 5097
5058 5094
5084 5087 5060
5085 5064
5177 5057
5059 5550
5071 5413 5095
5058
5046 5096 5184
5068 5711
5089 5064
5545 5093 5069
5074
5570 5578 5075
5137 5710 5063
5092 5074 5065
5586 5038
5082
5547 5063
5550 5069
5087
5253 5083 5553
5073
5443 5078
5080 5199
5003 5543 5072
5099 5120
5098 5100 5101
5108 5099 5105 5102
5099 5103
5100 5106
5101 5104
5103 5110
5107 5109 5100
5102 5113
5105 5112
5119 5115 5100
5111 5105
5104 5118 5117
5114 5109
5107 5133
5106 5129
5116 5111
5108 914 5126
5123 5134 5114
5124 5110
5122 5121 5110
5132 5108
5098 5130 5125
5127 5118
5118 5130
5116 5141 5135
5117
5131 5120 5128
5115
5140 5121
5125 5159
5138 5158 5113
5122 5136 5120
5144 5142 5125
5143 5119
5112 5166 5195
5116 5145 5175
5147 5123 5158
5130 5137 5146
5136 5086
5139 5129 5148
5150 5138 5152
5179 5127 5151
5161 5176 5203 5123
5153 5131 5149
5160 5132
5131 5174
5162 5134 5164
5157 5136
5135
5138 5160
5142 5155
5139 5154 5187
5140 5165
5139 5163
5142 5155
5150 5156
5149 5153
817 5154 5183
5146 5167 5172
5171 5129 5135
5128 5166
5148 5143
5171 5141
5170 5145
5152 5168 5189
5145
5151 5180 5169
5159 5133
5157 5188
5163 5182
5165 5177
5173 5162
5181 5161 5158
5157
5170 5178
5144 5211 5206
5194 5186 5134
5141 5197 5452
5169 5076
5173
5140 5199 5212
5184 5165
5171 819
5168 5185
5191 5156
5196 5080 5180
5182
5190 5175 5205
5150 5201
5167 5209
5192 5163
5213 5186
5183 5193 5204
5198 5189
5191
5200 5175
5133
5184
5176 5200
5207 5192
5202 5179 5096
5197 5194 5456
5187 5674 918
5199 5208
809 5215 5463 5141
5557 5210 5641 5191
5460 5186
5214 5209 5174
5198
5202
5552 5188 5206
5204 5642
5218 5287 5174
5179 5673
5190 5990
5701 5704 5206
5203 787
5218 5217
5216 5219 5220
5211 5216 5221
5217 5231
5225 5222 5217
5223 5218
5220 5226
5224 5229 5221
5227 5223
5230 5220 5228
5234 5240 5222
5237 5224
5225 5232
5223 5243
5225 5232
5219 5262 5233 5242
5228 5230
5235 5231
5239 5226 5238
5236 5233
5247 5235
5244 5227 5245
5234 5239
5234 5238 5241
5246 5251 5226
5239
5250 5231
5229 5249
5237 5245
5237 5244
5267 5240 5250
5236 5248 5256
5254 5271 5247
5252 5265 5243
5246 5259 5242 5290
5253 5240 5255
5258 5249 5269
5272 5251 5093
5257 5248
5251 5263
5268 5260 5247
5254 5261
5252 5273 5286
5270 5250 5279
5266 5256
5257 5264
5231 5283 5282
5255 5277
5261
5269 5249
5268 5260
5246
5256 5266
5252 5265
5259
5274 5248
5276 5253
5275 5258
5271
5278 5281 5273
5272
5263 5287
5275 5280 5284
5285 5259
5278 5288
5284 5275
5310 5262 5301
5262 5289 5298
5278 5281
5294 5279
5258 5292
5277 5211
5291 5280
5300 5283 5296
5250
5293 5297 5288
5286 5304 5306
5291 5295 5299
5303 5285
5293 5302
5289 5312 5305
5299 5291
5283
5293 5297
5315 5318 5289
5327 5303 5282
5308 5295
5301 5294
5292 5307
5309 5296 5325
5292
5304 5314 5317
5313 5302 5332
5305 5311 5311
5282 5322
5309 5309
5296
5316 5308 5320
5307 5328
5319 5300 5321
5313 5323 2615
5307 5330 5332
5326 5300 5331
5315 5324
5313 5323
5315 5324
5310 5329
5320 5316
5321 5319
5305
5318
5301
5314 5949
5322 5381 5667
5333 5317
5318
5308 5317
5330 5947 5987
5335 5337
5334 5336
5335 5338
5334 5339
5336 5340
5337 5342
5341 5338 5344
5343 5340 5345
5339 5348
5347 5341
5340 5346
5349 5341
5344 5354
5350 5343
5342 5353 5369
5363 5345 5351
5351 5347
5352 5350 5349 5361
5355 5351
5348 5356
5346 5359
5360 5352
5353 5357 5358
5356 5365
5356 5367 5368
5354 5375
5366 5355
5362 5364 5351
5384 5361
5349 5370
5361 5378
5357 4799
5372 5360
5385 5358
5376 5358 5410
5373 5371 5348
5363 5374
5369 5377
5381 5366
5369 5388
5370 5379
5359 5380
5368 5382
5371 5392
5364 5403
5374 5390 5383
5375 5419
5397 5415 5329 5372
5376 4788
5386 5379
5387 5409 5362
5393 5367 5410
5391 5383 5394
5384 5400 5407
5389 5405 5373
5413 5388
5379 5406 5396
5386 5401 5395
5377 5714
5402 5385
5386 5396
5399 5391
5394 5398 5390
5407 5381
5408 5396
5404 5395
5387 5431
5411 5391
5432 5393
5378 5439
5412 5399 5408
5388 5426
5390 5430
5387 5397 5416
5404 5398
5569 5428 5384
5368 5385 5648
5425 5401
5414 5421 5404
5078 5389 5434
5412 5424 5420
5417 5381 5429
5427 5407
5415 5418
5417 5433 5442
5380 5422
5414 5425
5424 5423 5412
5419 5443
5421 5448
5414 5421 5436
5420 5411
5405 5438
5441 5416
5409 5431
5435 5415
5406 101
5428 5400 5445
5434 5402
5418 5444 5437
5413 5432
5429
5446 5424 5444
5449 5433 5440
5426 5653
5403 5447
5437
5670 5427
5418 5566
5422 5095
5433 5436 5451
5431 5048
5436 5959
5439
116 5423
5450 5969 5437
5919 5449
5444 5989
5176 5453
5452 5456 5454
5453 5455
5454 5457
5200 5453 5458
5455 2604 5459 2613
5456
5461 5460 5457
5205 5459 5462
5459
2602 2618 5460
5203 5464
5463 5465
5464 2604
5467 5468 5470
5466 5471
5466 5469 5479
5474 5468
5466 5472
5476 5473 5467
5470 5475 5480
5471 5478
5477 5469
4829 5472 5479
5481 5471
5481 5474
5473 5482 5483
5468 4822 5475
5472 5490
5484 5476 5477
5478 5485
5486 5478
5481
5482 5492
5487 5488 5483
5486 5489 5488
5486 5487
5487
5480 5491
5490 5493
5485 5496 5494
5491 5495
5492 5497
5493 4829
5492 5498
5494 5499
5496 942
5497 5500 5501
5502 5499
5499 5503
5504 5506 5500
5501 5505
5507 5502
5503 5508
5502 5507
5504 5506
5510 5509 5505
5511 5508 5512
5514 5508 5513
5521 5509
5515 5509
5510 5517
5510 5516 5519
5512 5520 5518
5514
5513 5524
5515 5522
942 5514 5523
5515 5525
5529 5511 4828
5518 5532
5526 5528 5519
5517
5520 5527
5535 5523
5525 911
5530 5523
5532 5521
5531 5528
5533 5534 5530
5522 5529
5531 5534
5533 5531
5536 5536 5526
5535 5535
5538
5537 5541 5539
5538 5544 5540
5539
5538 5542
5543 5541
5097 5542
5539 5067
5083
5547
5546 5090 5548
5547 5549
5548 5551 5550
5549 5077 5091
5552 5549 5553
5554 5551 5209
5093 5551
5555 5552
5554
945
5204
5559
5558 4827 5560
5559 5561
5562 5560
5565 5561 5563
5562 5564
4826 5563
5562
5442
5568
5567 5569
5568 5409
5571 5085 5572
5570 5575 5573
5570 5578
5571 5574
5573 5576
5571 5585 5579
5574 5577 5582
5580 5576
5572 5085
5581 5575 5583
5577 5587 5588
5579 5584
5576 5586
5579 5584
5583 5581
5575 5589
5582 5088
5591 5580 5597
5590 5580
5585 5593
5594 5588 5592
5587 5596 5598
5590 5594
5589 5595
5590 5592
5593 5600
5601 5591 5604
5587 5599
5607 5591 5605
5597 5603 5602
5595 930
5596 5608
5599 5606
5604 5599 5606
5603 5596
5598
5602 5603
5598 5609 5611
5601 5612 5610
5607 5061
5608
5607
5608 5613
5615 5612 5614
5616 5613
934 5613 5617
5614
5615
5619 5620
926 5618 5621
5618 5622
5619 5623
5620 909
5621
4821 5625
5624 5626
5625 5627
5626 5628
5627 5629
5628 5630
5629 5631
5630 5632
5631 5633
5632 5634
5633 5635
5634 5636
5635 941
935 5638
5637 5639
935 5638 940
944
5204
5210 928
5644
5643 5645 5648
5644 5646 4823
5647 5645
5649 5646
5644 5410
5650 5647 4819
5651 5649
5652 5650
5651
5438 5654
5653 5655
5654 5656
5655
5659 5658
5657 5660
5657 915
5658 5663 889 5661
5660 5662
5661 5664 939
5660
5662
927
5667
5666 5329
919
5670
5669 5441
5672
5671 924
5212
5201 5675
5674 929
5677 4828 5678
5676 5679
5676 5682
5681 5680 5677
5683 5679
5679 5684
5678 921
4825 5680
5685 5681
5686 5684
4826 5685
5688
944 5687 5689
5694 5688 5690
5689 5691
5690 5692
5691 5693
5692 5695
939 5697 5689
5693 5696
5695 5698
5694
5696
822
5062 936
5214 5702
5701 5703
5702 5704
5703 5214
5706
5705 5707
5706 946
5709
5708 5710
5709 5086
5081 5712
5711 5713
5712 5066
5392
5716 5717
5715
5715 946
824 5719
5718 5720
5719
5723 5722
5721 5724
5721 5725
5722 4092
5723 5731 5726
5725 5732 5727
5729 5726 5728
5727 5729
5727 5728 5730
5729
5725 5733
5737 575 5726
5734 5731
5735 5733
5736 5734
5738 5735
5739 5732 5740
5743 5736
5737 5741
5737 5742
3676 5739
5740
5744 5738
5745 5747 5743
5748 5744 5746
5745 3676
5744 5749
5750 5745
5747 5751
5748
5752 5749
5751 5753
5754 5752
5755 5753
5756 5754
5757 5755
5756
4092
5760
5759 5761
5760 575 5762
5761 5763
5764 5762
5763 3683 3685
5766 5767
5765
5765 3911 3915
3682 5769
5768 5770
5769 5771
5770
3682
570
3685
3685 5776
5775 5777
5776 3686
5780 3685 5779
5778 5781
5778 5781
5779 5780
564
3799
3800
5787 5789 5786
5785 5788
5785 5788
5786 5787
5785 5790 5791
5789 3801
5789 5792
5794 5791 5793
5792 5795
5792
5793 234
5797
5796 5798
5797 5799
5798 5800
5799 5801
5800 5802
5801 5803
5802 5804
5803 218 5805
5804 5806
5805 5807
5806 5808
5807 5809
5808 5810
5809 5811
5810 5812
5811 5813
5812 5814
5813 5815
5814 5816
5815 5817
5816
3800
3795 5820
5819 3805
5822
5821 5823
5822 5824
5823 5825 2139
2134 5824
5830 5827
5826 5828
5827 5829
5828 5832
5826 5831 2134
5830 2138 2119
5829 5833
5832 5834
5833
3802 5836
5835 3803
219
3804 5839
5838
3805 5841
5840 5842
5841
5844 5845 5846
5843 5848
5843 5847
5847 5843 5849
5845 5846
5850 5844
5846 5851 5853
5852 5848
5849 1416
693 5850 5854
5855 5849
5855 5852
5856 5854 5853
691 5855
5858
5857 5859 703
5858 5860 5861
697 1534 5859
5862 5859 1521
5863 5861
5862
5865
1184 5864
5867
5866 5868 1174
5867 5872 5869
5868 5870 5871
5869 5871
5869 5870
5868
5874 5875 5876
5873 5877 1183
5873
5873 5878
5874 1181
1183 5876
5880 707
5879 5881
5880
5883
5882 1536 1180
1297 1289
1175
1296 5887
5886 5888 5889
5887 2114
1290 5887
349
1418 1412
1415
1292 1281
1525
1525
345 5897 679 302
5896 290 684
5899
5898 698 653
1536
1179 5902
5901 5903
5902 5904
5903
5906 672
5905 5907
5906
1534
1168 5910
5909 5911
5910 5912
5911 706
1533
5915
5914 674
5917
5916 5918 5919
5920 5917
5921 5917 5450
5921 5918
5919 5920
5923
5922 2610 5925 5924
5926 5923 5927
5923 5928 5929
5924 5942 5930
5924 5931
5933 5925 5932
5925
5934 5926 5935
5927 5932
5931 5928
5928 5938
5930 5936 5943
5937 5930
5934
5939 5935
5933 5940 5941
5940 5937
5938 5939
5938
5926
5934 5944
5943
5946
5945 2615 5947
5333 5948 5946
5947 2616
5328 5950
5949 5951
5950 5952
5951 2611
5954 5955
5953 5956 2607
5953 5958
5957 5960 5954
5961 5956
5955 5959
5446 5958 5969
5956 5962 5966
5957 5964 5963
113 5960
5961 5965
5971 5976 5968 5961
5963 5967
5960
5965 5970
5972 5964
5959 5449
5967
5973 5964 5975
5977 5968
5971 5974
5973
5979 5971 5984
5985 5978 5964
5980 5972
5976 5983
5981 5975 99
5981 5977
5979 5982 5980
5981
5978 117
5985 99 5975
5976 5984 87
5987
5986 5333
103
5451
2611 5213
2615
106
1124 5994
5993 5995 5996
5997 6002 5994
5999 5994
5998 5995
6000 5997
6001 5996
6004 6003 5998
2237 5999
6021 6007 5995
6000
6000 6005
6006 6004
6008 6009 6005
6012 6014 6002
6006
6006 6010
6011 6009
6013 6015 6010
6007
6017 6011 6019
6016 6007 6026
6011
6018 6022 6014
6013
6023 6025 6016
6013 2249 6020
2208 6024 6019
6033 6002
6016
6027 6024 6018
6023 6029 6020
6018
6014 6028
6023
6026 6030 6031
6032 6024 6050
6036 6028 6034
6028 6038
6035 6037 6029
6042 6021 6038
6030 6040
6041 6046 6032
6030 6045 6051
6032
6031 6033 6039
6043 6038 6044
6034 6042
6048 6047 6035
6051 6033 6040
6039
6039
6050 6036 6055
6035
6049 6041 6061
6041
6053 6047 2238
6029 6045 6052
6055 6042 6036
6050 6054 6062
6049
6056 6052
6062 6051 6045
6057 6054
6059 6056 6058
6057 6063
6057 6060
6064 6065 6059
6067 6064 6047
6068 6055 6052
6058 6068
6061 6060
6060 6066
6065
6061 6069 6070
6062 6063
6071 6072 6067
6072 6067
6074 2260 6069
6073 6070 6069
6072
6075 6071
6076 6074
6075
2259
6079
2259 6078 6080
6081 6079
1155 6082 6080
6081
6084 6087 6085
6083
6083 6086 6089
4103 6085
6083 6090 6088
6087 6093
6085 6091
6092 6087
6089 6092
6091 6090
6094 6088
6095 6093 6096
6094 6096
2190 6094 6095
6098
6097 6099
6098 6100
6099 6101
6100 2250 6102
6101
2260
2262
